[ 0.09486145  0.10019563  0.09706903  0.09793776  0.09869505  0.09646787
  0.09766936  0.09658604  0.09928747  0.10048434  0.09603991  0.0975772
  0.09711253  0.09909423  0.09699937  0.09806221  0.09843949  0.09487201
  0.09940755  0.10034209  0.10040721  0.09599499  0.10145025  0.0991925
  0.09473702  0.09927496  0.09587298  0.10089408  0.0979711   0.09656597
  0.09975602  0.09821955  0.10197116  0.09667574  0.09851822  0.09801929
  0.09661832  0.09983841  0.09683253  0.09737516  0.10262258  0.09855597
  0.09886464  0.09902967  0.09730794  0.09593925  0.09978563  0.09771283
  0.09864666  0.0956777   0.10106587  0.09638072  0.09728799  0.09779423
  0.09722232  0.09559528  0.09888269  0.10045248  0.09509151  0.09673209
  0.09507244  0.09818999  0.10195883  0.09682599]
