[ 0.09873754  0.09812567  0.10031268  0.09881779  0.09780828  0.09963686
  0.09835065  0.10167336  0.09878024  0.10311513  0.09889667  0.1
  0.09776751  0.09915704  0.09739002  0.09861095  0.09901287  0.09823614
  0.10056958  0.09677119  0.09787796  0.09854439  0.09969563  0.09706921
  0.10041193  0.09714306  0.09790588  0.1003137   0.09953005  0.09718297
  0.0998925   0.09853061  0.10089872  0.09890264  0.09936678  0.0995294
  0.1010242   0.0992521   0.09880584  0.09804099  0.09993332  0.09887762
  0.09763888  0.09673651  0.09938035  0.10237656  0.09878919  0.09718708
  0.10003944  0.09909485  0.1         0.09670305  0.09780388  0.09775114
  0.09885173  0.09986584  0.09642909  0.10116193  0.10161038  0.10212995
  0.09908513  0.09880308  0.10144702  0.09784731  0.09842961  0.09743705
  0.09919248  0.09671797  0.09767921  0.0991571   0.09978578  0.09750269
  0.09958606  0.09923886  0.10056014  0.09884639  0.09863611  0.09653471
  0.09887303  0.09646137  0.09625533  0.09958489  0.09924112  0.0981781
  0.09974235  0.09860644  0.09747481  0.09786233  0.0987921   0.10082951
  0.1         0.10015999  0.09904128  0.09933013  0.09893601  0.10030357
  0.09729187  0.10178216  0.0978279   0.10052691  0.10146261  0.10131409
  0.1005529   0.10025717  0.09904713  0.09874753  0.09979091  0.10127294
  0.09873099  0.09829091  0.1005502   0.09932324  0.09740309  0.10001142
  0.09653861  0.09871875  0.09849679  0.09896199  0.09865525  0.09896522
  0.09981877  0.09843182  0.10108238  0.0987883   0.10037142  0.10005488
  0.09906456  0.09739014  0.09991644  0.09752472  0.0984503   0.09794944
  0.09885698  0.09898269  0.09939667  0.10026219  0.09847434  0.09866646
  0.09920307  0.10013256  0.09853177  0.10156871  0.10056952  0.09715329
  0.09972671  0.10029301  0.09846456  0.09749856  0.10079979  0.09906931
  0.09891003  0.09968013  0.09831373  0.0976502   0.1         0.09693208
  0.09896469  0.09784851  0.09767535  0.10067461  0.09859055  0.09598397
  0.09870399  0.09919991  0.0981354   0.10048664  0.10138878  0.10090525
  0.09908385  0.09731091  0.10168429  0.10217942  0.10017984  0.09971993
  0.09950127  0.09896324  0.09962241  0.09861369  0.09802435  0.09875239
  0.10000329  0.09921283  0.10002968  0.09926509  0.0991413   0.09883279
  0.0979594   0.09939454  0.1         0.10002083  0.09760895  0.09851068
  0.09763701  0.09757179  0.09787097  0.09845784  0.09881672  0.09898126
  0.09839114  0.09790089  0.0994501   0.10028278  0.09874774  0.09967164
  0.1         0.10059964  0.10090373  0.10020198  0.09971104  0.09902458
  0.0963348   0.09985288  0.09809598  0.09985739  0.09850653  0.09864527
  0.10306437  0.09845334  0.09929174  0.1         0.09914798  0.09779412
  0.0992764   0.09837964  0.10298257  0.1         0.09770117  0.1013869
  0.09875198  0.09671696  0.09600445  0.10132354  0.10239798  0.09868493
  0.09956951  0.0974599   0.1         0.09824428  0.09796615  0.09883972
  0.0995872   0.09831072  0.0980702   0.10070825  0.09755335  0.0982338
  0.09752496  0.1012033   0.09919883  0.09883634  0.1         0.10054858
  0.10053816  0.09852402  0.10152466  0.09794609  0.09903343  0.09857731
  0.09872404  0.1019659   0.09853451  0.09654579  0.0984627   0.10252173
  0.09828977  0.10161161  0.09920469  0.09941051  0.09796126  0.09982231
  0.09897846  0.1         0.10117023  0.09760434  0.10401653  0.09745991
  0.0967681   0.09940916  0.10114451  0.09851997  0.09766574  0.0978962
  0.10021532  0.09815755  0.10090911  0.10196055  0.10049535  0.09868932
  0.09914652  0.09782879  0.09988546  0.0998353   0.09793173  0.09992981
  0.09861483  0.0995895   0.09755386  0.09988686  0.09854583  0.1
  0.09795661  0.1005392   0.10162777  0.10036531  0.09940007  0.09787666
  0.09893623  0.10192615  0.1         0.10137419  0.09800889  0.09530664
  0.1         0.09860647  0.09921124  0.09779412  0.0970724   0.1023188
  0.1         0.0990166   0.09913585  0.09981359  0.09880076  0.10056698
  0.10149137  0.09733351  0.09882017  0.10031721  0.09830523  0.10105386
  0.09940062  0.09770855  0.1         0.09936967  0.09898524  0.1
  0.09976976  0.0992605   0.09923225  0.09987385  0.09938362  0.09822027
  0.09911073  0.09885397  0.09893487  0.09864687  0.09929211  0.09762935
  0.09759133  0.09899026  0.10002476  0.09843785  0.10140937  0.09987819
  0.1012319   0.10084343  0.09836969  0.09928694  0.09854713  0.10000152
  0.09965876  0.10212947  0.09630809  0.10166518  0.09869748  0.10118411
  0.1         0.09867973  0.10025648  0.09755069  0.1         0.09795718
  0.10314942  0.09767941  0.09921426  0.09773438  0.09705287  0.0988038
  0.10191724  0.09775154  0.09805486  0.09898456  0.09882922  0.09933306
  0.0990897   0.09921075  0.1         0.10024907  0.0983914   0.09712559
  0.10063206  0.09892096  0.1003799   0.09717871  0.09870263  0.10092518
  0.0970664   0.10054599  0.10036355  0.09895979  0.09927534  0.09832924
  0.09782143  0.09815191  0.09918261  0.09930222  0.09961221  0.1
  0.10106147  0.0984467   0.0976993   0.1001342   0.09970219  0.09897681
  0.09795523  0.09818581  0.10157685  0.09891024  0.10012756  0.09888227
  0.10003433  0.10082015  0.09831272  0.09989987  0.0990271   0.09766725
  0.0991041   0.09727525  0.09838024  0.09879581  0.09834994  0.09903654
  0.09853586  0.09910317  0.1007929   0.09649233  0.0988478   0.09807631
  0.09784386  0.09960305  0.09923279  0.10095927  0.09832035  0.10031042
  0.0994961   0.10006737  0.101207    0.09699828  0.09982682  0.1003476
  0.10009815  0.09935329  0.09740368  0.09887743  0.09934305  0.09785558
  0.09827418  0.1         0.1003444   0.09797584  0.09926151  0.10355899
  0.10319696  0.10031442  0.10010764  0.10081931  0.09739529  0.09856998
  0.09912233  0.1         0.09724598  0.09872791  0.09798567  0.09884703
  0.10171374  0.09949239  0.1         0.09786137  0.10096794  0.10001419
  0.0989509   0.09669115  0.10244447  0.10012341  0.09915434  0.09733635
  0.09814454  0.1         0.09732404  0.10089505  0.1         0.09989527
  0.09907526  0.09847059  0.09830368  0.09831295  0.09743797  0.09711411
  0.10071688  0.09834959  0.10042287  0.09799775  0.09945449  0.09908289
  0.09929423  0.09944137  0.1         0.09889422  0.09825986  0.1
  0.1001095   0.09978161  0.09801525  0.09841428  0.09951411  0.09922858
  0.09872589  0.09870076  0.10115143  0.09847249  0.10217436  0.1
  0.09992719  0.10080265  0.09929865  0.09796661  0.09732468  0.09893764
  0.1         0.09916841  0.09714013  0.09922816  0.10326144  0.09927749
  0.09853594  0.09825878  0.09937806  0.09775904  0.09960388  0.09829856
  0.09988921  0.09833535  0.10134829  0.09978339  0.09882989  0.09877219
  0.09684769  0.09793273  0.1         0.09981076  0.0981316   0.09785315
  0.09791996  0.1         0.10034764  0.10151465  0.09862296  0.09976566
  0.09896976  0.10063569  0.09890001  0.0979717   0.09717905  0.09780912
  0.09825776  0.10121958  0.09962124  0.0986554   0.09828024  0.0980916
  0.09754496  0.09841379  0.10204527  0.09755203  0.0987571   0.1
  0.10044169  0.09863465  0.09916025  0.09999672  0.09781076  0.09705231
  0.09888617  0.09871428  0.09828186  0.09989098  0.09870412  0.09947826
  0.1         0.09945873  0.09921011  0.10058737  0.0979717   0.10021551
  0.09979156  0.10058721  0.10004824  0.10175958  0.09988835  0.10035369
  0.10064077  0.09850239  0.09762626  0.09787702  0.09916679  0.09837658
  0.1         0.10102984  0.09694201  0.09902325  0.10026793  0.09940474
  0.09885595  0.10180534  0.09894148  0.09963536  0.09852684  0.09860561
  0.09765638  0.10163487  0.1         0.1         0.09906175  0.10087015
  0.09838801  0.09872119  0.09715997  0.09891704  0.1         0.09722121
  0.09809828  0.09907261  0.09907645  0.10057057  0.10177367  0.09638976
  0.09806699  0.1026946   0.09895178  0.0988549   0.09779567  0.10131145
  0.09834467  0.10005361  0.09864812  0.09703322  0.09775547  0.10072313
  0.0989484   0.10017231  0.1         0.099538    0.09871357  0.10108712
  0.09789307  0.09825635  0.10075773  0.10019613  0.09844557  0.09902634
  0.0984659   0.09871279  0.09859196  0.09963901  0.10014958  0.1027806
  0.09959879  0.10040071  0.09807152  0.09850189  0.09910757  0.09856343
  0.0983748   0.10147139  0.09948289  0.09916224  0.0993419   0.09941261
  0.09921167  0.10185604  0.09986753  0.09872461  0.09892605  0.0983981
  0.0984795   0.09902384  0.09893308  0.1         0.10160571  0.09966747
  0.09920285  0.1         0.09975677  0.10136174  0.09938727  0.09840811
  0.09841646  0.09971181  0.09902589  0.10072061  0.09821458  0.09804333
  0.09967268  0.10071261  0.10041832  0.09795122  0.09889389  0.09855606
  0.09796866  0.09991862  0.1         0.09932953  0.1         0.09822122
  0.10151825  0.09829716  0.0993562   0.09953213  0.09881721  0.10039959
  0.09992322  0.09886426  0.09921877  0.09980161  0.09886038  0.1
  0.09893268  0.09959897  0.09812372  0.09933169  0.09992118  0.09822869
  0.0983271   0.09935998  0.09913703  0.0992355   0.09875558  0.09733342
  0.09678043  0.09948809  0.10072005  0.10157845  0.09809945  0.09927355
  0.10133308  0.09895106  0.09893247  0.10172354  0.09850251  0.10290097
  0.09618167  0.09749924  0.10032841  0.10057662  0.09814834  0.09866151
  0.09827546  0.09790096  0.0992289   0.09860574  0.09600569  0.10135112
  0.09949021  0.09939479  0.09929412  0.0993864   0.09978433  0.1008219
  0.10031321  0.10051069  0.10186981  0.10059513  0.1020044   0.09898125
  0.1         0.09981436  0.09917168  0.09737507  0.10049188  0.09822278
  0.0990137   0.09756452  0.0998579   0.09705061  0.09850763  0.0977325
  0.10024677  0.09973437  0.10280045  0.09695514  0.09848401  0.1
  0.09846849  0.09767607  0.09995781  0.1         0.09614512  0.09750406
  0.10120336  0.09871587  0.09947792  0.0953192   0.09987728  0.0979915
  0.10003375  0.09908735  0.0974355   0.10015955  0.10030669  0.10147967
  0.09992283  0.09812726  0.09722084  0.09947535  0.09852108  0.09984614
  0.09895612  0.09831299  0.0989041   0.10206712  0.0988095   0.09821567
  0.09739079  0.10108391  0.09921284  0.09949875  0.1         0.10166299
  0.09782446  0.09982307  0.09799417  0.0967033   0.09702046  0.09830425
  0.09981848  0.09935962  0.10053435  0.09838309  0.09917614  0.10150335
  0.09952235  0.09968369  0.10180577  0.09704744  0.09902537  0.1
  0.1011822   0.09942272  0.09853945  0.09757899  0.1         0.10117093
  0.09895037  0.09804272  0.09987579  0.1021248   0.10029525  0.09796304
  0.10050695  0.10181239  0.10189785  0.10094765  0.10145575  0.10026395
  0.09818288  0.09765304  0.10313206  0.10091045  0.0963636   0.09797953
  0.09844046  0.09820467  0.09786328  0.10192161  0.10043811  0.09899744
  0.09784902  0.09830496  0.09921778  0.10003618  0.09961192  0.09939783
  0.09808268  0.09866694  0.09726226  0.10057443  0.09881972  0.09956049
  0.10184507  0.10141248  0.09843867  0.10003178  0.09729149  0.09728918
  0.09753563  0.09850626  0.09770378  0.0985203   0.10106654  0.10018562
  0.09945238  0.10002146  0.09856811  0.1         0.09903032  0.09905616
  0.09890524  0.1         0.10161024  0.10156293  0.0993489   0.09782693
  0.09686825  0.09921826  0.09809874  0.09911503  0.09948614  0.09782619
  0.10136743  0.09810515  0.1         0.09835538  0.10178206  0.09913827
  0.09894202  0.101606    0.09780727  0.09791283  0.10312957  0.09864292
  0.09918991  0.1         0.10167067  0.10110738  0.1         0.0987151
  0.09830202  0.09899132  0.1021906   0.10243619  0.1015495   0.1001892
  0.10055607  0.09775031  0.09783071  0.09847771  0.10133233  0.10157393
  0.09861601  0.10027529  0.09916488  0.10114743  0.09809788  0.10019538
  0.09863804  0.09975597  0.0994875   0.09871529  0.09842651  0.10094269
  0.09760939  0.1         0.09747041  0.09791985  0.09946024  0.09914077
  0.09822731  0.09988056  0.10076925  0.1         0.09909164  0.10024511
  0.09888416  0.09763779  0.10201646  0.09887476  0.09958213  0.10101978
  0.09698737  0.10088663  0.10008246  0.10048828  0.09967107  0.09789946
  0.09851784  0.09753644  0.09825899  0.10019543  0.1         0.10083693
  0.0984765   0.09881961  0.10133341  0.09929984  0.10029528  0.09823281
  0.0979505   0.10079922  0.09938313  0.09851015  0.09871234  0.10109201
  0.1         0.09880583  0.10009088  0.09840746  0.09941054  0.09724231
  0.0992287   0.09818237  0.09806386  0.09751704  0.09826691  0.10186322
  0.0978186   0.09718519  0.10149232  0.10183821  0.09834967  0.1
  0.09911685  0.1         0.09804138  0.102567  ]
