[[[[  4.49486151e-02  -2.20794920e-02   1.89042807e-01  -1.37121797e-01
      5.44129461e-02  -7.15831621e-03  -1.78137701e-02   2.93766875e-02
     -1.39705809e-02   1.00730404e-01   1.59530699e-01  -1.56915337e-01
     -2.99626645e-02  -1.29547298e-01   1.18157826e-01   1.04140460e-01
     -1.64522193e-02  -5.23806363e-02  -9.29123606e-04   8.55686143e-02
     -1.51256338e-01   6.52204752e-02   1.91712845e-02   4.33025435e-02
     -2.63418369e-02  -1.60246156e-03   1.21279657e-01  -6.53378814e-02
      8.04252476e-02   3.73421237e-02  -6.28835112e-02   3.22748087e-02]]

  [[ -2.48164814e-02  -1.27689764e-02  -1.13224266e-02  -1.31306453e-02
     -7.59631768e-02  -6.40130937e-02  -6.34798184e-02   1.32424414e-01
      1.29725412e-01  -3.99737582e-02   6.09257519e-02   2.70347930e-02
     -1.03108265e-01  -1.04925290e-01   1.00728370e-01  -8.14870149e-02
     -9.40216333e-03  -1.75434295e-02   6.86401129e-02  -8.10584351e-02
      1.67905435e-01  -2.84208842e-02   1.47495857e-02   5.70098311e-02
      1.12804338e-01  -7.07581490e-02   6.17743060e-02  -5.84081560e-03
     -8.74886140e-02  -2.16157548e-02  -1.00366838e-01   1.57152057e-01]]

  [[  8.95459950e-02  -1.26669347e-01   4.47814586e-03   7.89647773e-02
     -2.46956777e-02   6.10817522e-02  -5.78893274e-02   3.13542858e-02
      9.25383642e-02   1.69898681e-02  -1.22067235e-01  -1.53863892e-01
      1.53102418e-02  -8.68481547e-02   4.75497283e-02   4.47092764e-02
      5.62732220e-02   2.62793172e-02  -4.86295708e-02   8.19345713e-02
     -6.68441653e-02   1.36409029e-01  -3.01911123e-02   1.36319455e-02
      6.83530867e-02   1.34720867e-02   1.11329439e-03  -5.51815443e-02
      9.02800933e-02   1.33489907e-01   2.66467109e-02   1.71089545e-03]]

  [[  1.26796991e-01  -9.22084451e-02  -1.79333594e-02  -4.05736640e-02
     -4.38342728e-02  -1.19219273e-01  -6.68101385e-02   1.32717818e-01
      5.54704033e-02   5.66450618e-02  -5.87304644e-02  -7.41162077e-02
     -3.29213291e-02   4.17129509e-02  -1.49448991e-01   2.58856881e-02
      2.37946473e-02  -8.16685408e-02   2.20078062e-02   8.39209482e-02
     -1.76824465e-01   3.99771333e-02   1.28795467e-02  -6.92194998e-02
     -8.17272440e-02   6.08674288e-02  -1.20084666e-01  -1.42390326e-01
     -1.29582241e-01   1.50176257e-01  -4.85398294e-03   5.50984330e-02]]

  [[  1.70988351e-01  -1.08253069e-01   2.46822201e-02   4.17501219e-02
      2.90613659e-02  -1.42337561e-01   5.53070977e-02   3.17093842e-02
      9.08665545e-03  -1.57660127e-01   1.09609932e-01   8.88648853e-02
      1.35170400e-01  -1.03502408e-01   1.43787250e-01   5.67205076e-04
     -1.20611884e-01  -1.12494230e-01   1.48093551e-01  -8.44257548e-02
      1.54341862e-01   8.29114541e-02  -7.63068199e-02   1.07925057e-01
      3.48807615e-03  -8.66842121e-02   1.66459799e-01   1.08628936e-01
     -1.08474463e-01   1.38890475e-01   9.36358869e-02  -4.39978316e-02]]]


 [[[ -5.23049235e-02   5.69845103e-02   3.43527347e-02   1.06795970e-02
      1.34905264e-01  -1.42988190e-01  -3.61596681e-02  -2.16329284e-02
     -9.38391313e-02   4.93515022e-02  -7.68441781e-02  -1.44492388e-01
     -6.87593892e-02   4.99407537e-02   4.61266376e-02  -9.24258679e-02
     -4.73823063e-02  -4.25588749e-02   1.17477313e-01   9.98735577e-02
     -2.20009573e-02  -1.14950381e-01  -2.79698875e-02   4.76058833e-02
      6.39841780e-02  -5.52054048e-02   5.00432067e-02   1.07007936e-01
     -1.12188002e-02   4.18263674e-02  -1.84325323e-01  -7.13671744e-02]]

  [[  1.54483970e-02  -3.79079133e-02  -9.55098346e-02  -8.98161381e-02
     -6.67693764e-02   5.14308587e-02  -1.24042884e-01  -3.47039439e-02
     -1.36873960e-01  -9.44434032e-02  -7.15105608e-02  -2.01269016e-01
     -6.93744645e-02  -4.74812314e-02  -1.38534889e-01   3.99837978e-02
      4.43058945e-02  -1.18224733e-01  -1.31691560e-01   1.14490673e-01
     -2.41702031e-02   1.81198150e-01   1.15025498e-01  -5.59382280e-03
      4.99606244e-02   5.80824837e-02   1.36777833e-01   1.18743524e-01
     -1.69949174e-01   1.89463511e-01  -3.93249514e-03  -3.53890620e-02]]

  [[ -7.54846558e-02   1.56644210e-02   4.87996787e-02  -6.92406893e-02
     -2.92366203e-02  -8.92565846e-02   3.42911445e-02  -1.13243181e-02
     -3.45870666e-02  -3.37704048e-02   8.30229297e-02  -1.84629895e-02
     -1.47749156e-01   1.77942708e-01   1.06319919e-01   1.40920967e-01
     -5.41207157e-02  -1.89487979e-01  -1.26676157e-01  -8.02642200e-03
      9.04302578e-03  -1.48869261e-01  -7.63706639e-02   6.50958121e-02
      6.79410324e-02   1.12218089e-01  -4.87687141e-02  -1.72210187e-01
      1.81757689e-01   6.11840710e-02   6.88793212e-02   7.13681942e-03]]

  [[  1.30073680e-02   5.60899898e-02   5.64334281e-02  -7.34617785e-02
     -2.12503839e-02  -1.25189304e-01   7.09932530e-03   6.36062548e-02
      3.49505879e-02   8.26556515e-03  -1.44209266e-02  -1.59424786e-02
     -3.90491821e-02  -7.86626041e-02  -1.32430747e-01  -5.42518012e-02
      8.01714659e-02  -1.92795262e-01  -8.54175687e-02  -6.74267784e-02
      2.54737828e-02  -2.69208550e-02   1.19854316e-01   7.54751684e-03
     -1.02456070e-01   1.98806450e-02  -2.15323698e-02  -1.94089022e-02
     -4.55571935e-02   7.09395334e-02   8.46606120e-02   1.63560003e-01]]

  [[ -9.03750882e-02  -5.82982562e-02  -8.71778280e-02  -1.58818103e-02
      6.32798076e-02   6.67006224e-02  -4.93944017e-03  -2.79795676e-02
      4.29528318e-02  -5.00673242e-02   5.48397414e-02  -1.22190699e-01
     -2.56085815e-03   2.31122505e-02  -1.36515781e-01   9.44296196e-02
     -8.51917341e-02  -2.46410836e-02  -5.47451861e-02  -1.93631217e-01
     -1.46000937e-01   4.56201844e-02  -1.53638124e-01   3.81230749e-02
     -1.53441966e-01  -1.00593090e-01   1.01433277e-01  -1.09459333e-01
     -6.34880811e-02  -2.88973115e-02   5.93475290e-02  -3.95864472e-02]]]


 [[[ -1.61334619e-01  -2.90554892e-02  -1.63619034e-02  -1.54911876e-02
      1.44214435e-02   4.95655797e-02   2.05271356e-02   2.21632272e-02
      9.15612355e-02   1.19205005e-02  -5.44916056e-02  -2.52498258e-02
     -4.50659394e-02   1.24772191e-01  -1.26651376e-01  -1.33527309e-01
      8.43374282e-02  -1.65869738e-03  -1.85363367e-01  -1.00536086e-02
      5.64664043e-02  -1.50319070e-01  -2.09688414e-02  -1.24150969e-01
      1.64318591e-01  -2.64835749e-02  -6.97047710e-02   7.13850260e-02
      1.18083425e-01  -2.07543820e-02   6.71037734e-02  -2.18107924e-02]]

  [[ -2.16900348e-03   5.25974110e-02  -6.42256662e-02   4.64928597e-02
      1.04124593e-02   1.03047788e-01   1.37894213e-01  -7.57599622e-02
     -1.33599207e-01   1.04685418e-01   5.55615760e-02  -1.12944050e-02
      1.61476135e-02  -1.03317238e-01  -1.13787703e-01   2.41091778e-03
     -1.35281965e-01   1.70435980e-01   5.29555753e-02  -6.62824288e-02
      1.56333670e-01   1.62109256e-01   3.79409231e-02   1.06558939e-02
     -8.59951302e-02   9.95019078e-02   6.96710646e-02  -4.53827083e-02
      8.23590308e-02   1.14516646e-01   1.57474011e-01   1.20354749e-01]]

  [[  1.59907520e-01  -1.28158242e-01   7.66802356e-02  -6.17964864e-02
      8.78556669e-02   2.74066124e-02  -4.17934284e-02  -1.11166932e-01
     -1.32340332e-02   4.14335988e-02  -1.34767637e-01  -1.10549375e-01
      3.38028111e-02  -1.21557064e-01  -1.58249944e-01  -5.64497337e-03
     -1.27665251e-02  -1.48384899e-01  -2.17186473e-03  -3.72008905e-02
      7.77702639e-03  -2.10957266e-02  -1.75101086e-02   6.59548193e-02
     -3.65187265e-02  -3.94926555e-02  -1.13714375e-01  -1.66688308e-01
      2.60734688e-02  -3.61837633e-02  -3.67054828e-02  -8.58896077e-02]]

  [[  8.01636800e-02   4.95073162e-02   7.24076256e-02  -4.67690416e-02
     -5.34194037e-02   1.74044579e-01   8.42697471e-02   3.73131111e-02
      1.33197382e-01  -7.25362003e-02  -1.74598351e-01   1.02429323e-01
      1.00730143e-01  -3.47625860e-03  -1.63725894e-02   7.91501328e-02
     -3.60152163e-02   1.01696938e-01   6.34840056e-02   3.54296453e-02
     -6.16430379e-02  -1.70071647e-01   2.33750995e-02   2.93223709e-02
     -1.60931408e-01  -1.67405486e-01  -6.54067919e-02   2.99210623e-02
      1.18709980e-02   1.44056141e-01   8.44218116e-03   6.89349994e-02]]

  [[  1.06649324e-01   5.38652055e-02  -1.11894369e-01  -1.08267227e-02
     -1.60170346e-02  -1.46287866e-02   1.92733124e-01   2.25793235e-02
      3.14144604e-02   1.43088937e-01   1.90015823e-01   6.65447190e-02
     -5.93656451e-02  -2.18248293e-02  -3.02502457e-02   1.38397291e-01
      2.11080499e-02   1.10258371e-01  -1.28761157e-01   1.36876211e-01
      4.84789684e-02   1.46392122e-01  -1.65840462e-01  -1.95552898e-03
     -7.60730132e-02  -6.43029809e-02   4.60596941e-02   6.91768378e-02
     -5.47955185e-02   1.51054248e-01  -4.77670021e-02   4.96803001e-02]]]


 [[[  1.50634810e-01   4.54831310e-02   1.33427143e-01  -3.31109166e-02
     -2.25152075e-02   5.04394621e-02  -8.78382940e-03  -1.86900571e-02
      7.05516562e-02   1.01719044e-01  -1.07092194e-01  -1.48148254e-01
     -3.43875363e-02  -5.85341603e-02   1.16502576e-01   1.38598979e-01
     -3.54948901e-02   6.19316660e-02  -1.01267368e-01  -5.17379865e-02
      1.20764030e-02  -1.95642546e-01  -6.70065731e-02  -1.79103166e-01
     -4.64731902e-02   1.68000497e-02   1.66744485e-01   2.04570033e-02
      2.48386506e-02   7.56775662e-02   5.57507537e-02  -7.88904540e-03]]

  [[ -8.67122486e-02  -6.50508702e-02   1.08901739e-01  -6.51793182e-02
     -1.07737325e-01   1.18040353e-01  -1.51335999e-01  -1.35517508e-01
      1.65505692e-01  -8.63593593e-02  -3.90194659e-03  -6.34845868e-02
     -3.65610607e-02   3.26698704e-04  -3.49833071e-02   2.27629654e-02
     -1.58528667e-02  -5.09355925e-02   9.86281708e-02  -1.32170156e-01
     -4.47245464e-02   8.80931839e-02  -7.61239976e-02  -1.38667434e-01
      9.97969061e-02  -1.55618235e-01   2.03813463e-02   1.05045147e-01
      8.55828524e-02  -5.36118448e-02  -7.29070976e-02  -7.26919901e-03]]

  [[  1.05955638e-01  -1.17602431e-04  -3.69848944e-02  -2.88936347e-02
      4.46687341e-02   1.29501857e-02  -7.51717612e-02  -3.11613898e-03
     -2.33608787e-03  -1.47162378e-01   7.07377344e-02   5.82481064e-02
     -5.45773134e-02   2.32868642e-02  -6.03092946e-02   1.74112674e-02
      2.22101770e-02  -7.76147284e-03   9.90208760e-02  -9.59976241e-02
      7.35553652e-02   3.86934131e-02   1.16958700e-01   5.20639457e-02
      2.88163889e-02  -8.77199620e-02   1.30066887e-01   7.96148032e-02
     -1.26491889e-01   1.09580450e-01   8.28534551e-03   3.16741243e-02]]

  [[  4.09301892e-02  -1.14515409e-01   5.14174178e-02   1.00097001e-01
     -1.91445515e-01  -7.40749836e-02   8.62650871e-02  -1.48980513e-01
      4.37542647e-02   8.86400864e-02  -1.44012854e-01  -1.60195567e-02
      1.14406884e-01  -1.74182132e-02  -1.21712908e-01   8.92688185e-02
     -1.17763784e-02   4.02044393e-02   2.32707467e-02  -1.90002490e-02
     -1.69100501e-02  -6.65103346e-02   8.83670375e-02   1.78481708e-03
      3.51140685e-02   2.56911647e-02   8.86101276e-02   9.45697054e-02
      7.05143139e-02   4.83680144e-03  -1.08999148e-01  -6.93069771e-02]]

  [[ -1.54417813e-01   6.21432066e-02  -6.30623549e-02  -2.06258651e-02
      1.86543912e-01   2.32430696e-02   4.12749909e-02  -9.66818333e-02
     -8.17315057e-02  -5.41028939e-02  -6.38240129e-02   4.57555316e-02
     -1.33852154e-01   1.06901295e-01   5.19482121e-02   8.36021304e-02
     -1.97322085e-01   5.19327708e-02  -1.48015261e-01   1.05087735e-01
      7.33988872e-03   1.39137387e-01  -3.54422145e-02   2.48892270e-02
     -5.86086325e-02   8.14382061e-02  -5.42997047e-02   1.27227455e-01
     -1.19684212e-01   1.11995138e-01  -4.04610950e-03  -6.23955112e-03]]]


 [[[ -3.10838595e-02  -8.10582265e-02  -1.39460117e-02   7.94101506e-02
     -1.69591218e-01  -1.73309371e-01  -8.32972601e-02  -1.13108363e-02
     -8.44250992e-02   9.83407795e-02  -6.54397532e-03   1.45066129e-02
      1.31466789e-02   1.07238181e-01  -1.46129444e-01   4.09494229e-02
     -1.03942998e-01  -8.47598836e-02   1.11959148e-02   1.03413299e-01
      8.71786550e-02   1.64654106e-02   1.13571778e-01  -1.39218107e-01
     -2.81296503e-02  -1.57662138e-01   7.78398961e-02   1.54761272e-02
     -3.68883610e-02  -1.91947818e-01   1.25500605e-01   9.57362950e-02]]

  [[  2.90253153e-03   1.56431720e-01  -6.54576421e-02   1.37800515e-01
      1.18571296e-02  -2.14375108e-02  -8.82614404e-02  -1.31304428e-01
      6.59794658e-02  -5.02004214e-02   9.67880934e-02  -8.62839371e-02
      3.55237871e-02  -2.67826505e-02   8.05868767e-03  -8.70695338e-02
     -5.97658604e-02  -6.25323430e-02   2.65938677e-02  -6.06489778e-02
      2.14811112e-03   6.08108826e-02  -1.31527521e-02  -9.78830084e-02
     -9.07996763e-03  -2.91280095e-02   7.85720199e-02  -1.05763480e-01
      6.82334229e-02   4.87336181e-02  -1.21681504e-01  -4.28846106e-02]]

  [[ -4.53005396e-02   8.12308304e-03  -1.45718411e-01   6.06055930e-02
     -2.59766318e-02  -1.71668641e-02   8.17271769e-02   5.82974143e-02
      1.30800128e-01  -3.22965942e-02   7.32938349e-02   6.40927777e-02
      1.77848078e-02  -1.79404899e-01  -1.97412565e-01  -1.55153885e-01
      4.20401059e-02  -3.43872942e-02  -5.04700374e-03  -1.40644133e-01
      1.49890378e-01  -7.60442391e-02   9.01814476e-02   1.85851324e-02
     -1.25749588e-01   4.51360010e-02  -2.79585756e-02  -7.44786859e-02
      4.50208373e-02  -2.24706135e-03   6.57943115e-02   7.10256025e-02]]

  [[  1.45121545e-01  -4.77407612e-02   2.45949700e-02  -1.07458169e-02
      6.83170855e-02  -8.07166845e-02   3.12459506e-02  -3.55054438e-02
     -8.54799151e-02  -4.17841226e-02   1.17297396e-01   9.68790576e-02
      2.92708334e-02  -2.89498474e-02  -1.34585932e-01  -2.58630142e-02
      2.12388132e-02   1.31574735e-01   2.73593701e-02   8.33829045e-02
     -3.57526466e-02  -5.97364195e-02   5.88788986e-02   5.56531735e-02
      5.89957535e-02   9.23091695e-02   9.12372619e-02   1.65076151e-01
     -2.31273435e-02  -1.45554626e-02  -1.02694087e-01  -1.66870981e-01]]

  [[  7.14750886e-02   6.44171610e-02   5.78377284e-02  -2.27665100e-02
     -1.54070690e-01   1.29826143e-02   4.18645889e-02   9.49338451e-03
     -1.18063875e-02   7.58832991e-02   5.08643650e-02   2.71713249e-02
     -9.77275427e-04   2.09996980e-02   6.28153160e-02  -3.41961496e-02
     -1.06046341e-01   6.66428357e-02   1.49714813e-01  -1.39646068e-01
     -1.65653378e-02   1.20782658e-01  -1.01520598e-01   6.50180271e-03
      5.68438359e-02   8.37697461e-02  -1.19415946e-01   1.18631929e-01
     -8.35825969e-03   1.38856977e-01  -1.83353081e-01   3.81024629e-02]]]]
