[[[[  2.81253662e-02   9.83101223e-03   6.77405819e-02  -1.72112077e-01
      8.58323425e-02  -5.79810403e-02  -3.79196834e-03  -2.34127138e-02
     -7.27405697e-02   1.52935716e-03   1.14183672e-01  -1.54891014e-02
     -9.31062549e-03  -1.94227938e-02   7.61964396e-02  -2.31194943e-02
      1.99722163e-02  -1.14932366e-01   3.27002327e-03  -2.78663319e-02
      4.45025824e-02  -1.96032494e-01   1.77081525e-01   1.20806269e-01
     -3.07081696e-02   7.63216019e-02  -4.73837480e-02   1.45820290e-01
     -1.20145448e-01  -3.34287435e-02  -6.56249374e-02  -3.89710963e-02]]

  [[ -3.39402668e-02   1.25507370e-01  -1.11213267e-01   5.31710684e-02
      2.08809692e-02  -1.33932561e-01  -1.45250857e-02  -1.78592876e-02
     -5.48982769e-02   2.17194222e-02   1.24693420e-02   3.40533070e-02
     -2.57728472e-02   1.33529566e-02  -4.09598872e-02  -1.52045175e-01
      1.11418724e-01   6.03721291e-03   1.18049629e-01   9.41029564e-02
      1.03697637e-02  -1.75742865e-01   1.33988736e-02  -1.23027824e-01
      5.82636781e-02  -1.56250998e-01   1.71357393e-01   1.96494147e-01
      1.27526760e-01   1.15131279e-02   3.23924385e-02  -2.83050183e-02]]

  [[ -3.46422158e-02   2.38516391e-03   9.60837081e-02   3.95324118e-02
     -1.44290840e-02   9.81811211e-02   4.56084386e-02   1.17641892e-02
      1.38900906e-01  -2.21015066e-02  -7.83415232e-03  -8.37130696e-02
     -4.80643921e-02  -9.70280990e-02   9.82495549e-05  -8.05169251e-03
     -4.12680842e-02  -1.57641731e-02  -1.91358060e-01  -2.46215574e-02
      5.64988293e-02   1.84260437e-03   9.37130749e-02   2.18807161e-02
     -2.93233851e-03  -9.17365998e-02   8.97046104e-02  -7.06172734e-02
      3.96632999e-02  -2.11382825e-02  -4.60380055e-02   5.94506897e-02]]

  [[  1.15433715e-01   6.55584186e-02   1.20952763e-02   5.98190837e-02
      8.45105648e-02   7.21761435e-02   1.93693474e-01  -1.61078855e-01
      5.61698973e-02  -4.29204963e-02   1.81588717e-03  -5.35173062e-03
     -1.09279044e-02   1.36681393e-01  -4.40190285e-02  -4.71102856e-02
      9.19001177e-02   3.56566459e-02  -3.23048607e-02   5.24962917e-02
      4.80892509e-02  -1.80080738e-02   1.62243783e-01  -1.42702550e-01
     -1.82756960e-01   6.71453997e-02   4.75218743e-02  -1.12565950e-01
      1.03219099e-01   4.37682904e-02   9.52849463e-02  -7.14693451e-03]]

  [[ -3.04919574e-02  -3.56691778e-02   8.07652771e-02  -1.36530399e-01
     -1.64902899e-02   2.82760933e-02   4.72561307e-02   5.75326681e-02
     -5.46383578e-03  -7.19135255e-02   1.10116228e-01  -5.65221161e-02
      1.83482662e-01   5.85821038e-03   1.53350472e-01  -4.34518009e-02
      1.21342484e-02   1.37198642e-01   7.34023899e-02   3.30736563e-02
     -1.00879915e-01  -8.89231712e-02   1.34389177e-01   4.65834178e-02
     -1.68845147e-01   1.04415320e-01  -9.41106603e-02  -1.42306229e-02
      1.45525523e-02   8.97151083e-02  -6.84284866e-02  -4.70447056e-02]]]


 [[[  6.48928508e-02  -2.26447731e-02   5.03838714e-03   1.99212998e-01
     -9.17604789e-02   5.08650579e-02  -3.62639548e-03  -7.24405497e-02
      4.48896177e-02  -3.57879438e-02  -5.02534024e-02  -2.88746674e-02
     -4.11437675e-02  -4.17019650e-02  -7.43367523e-03   1.56354040e-01
     -1.44978851e-01  -3.79977822e-02  -1.55941531e-01  -3.11152879e-02
     -1.69443518e-01  -6.71413392e-02   6.52248561e-02   1.28072435e-02
      1.75336115e-02  -1.24585718e-01   4.58831452e-02  -1.47630051e-01
      3.42620313e-02  -9.09500867e-02  -4.86255139e-02  -4.20134934e-03]]

  [[  2.93891262e-02   4.65205079e-03  -1.10857055e-01  -8.90617743e-02
      5.12000807e-02   4.21825387e-02   9.43039581e-02  -1.72478408e-02
      6.58521242e-03   9.29460451e-02  -3.49025615e-02  -6.47581890e-02
     -4.06426676e-02  -1.61363501e-02   4.69607003e-02   1.19814537e-01
     -2.94865686e-02   4.45691310e-02  -4.55684634e-03   7.64993131e-02
     -5.68365641e-02   5.72856702e-02   1.62838586e-02   6.01600409e-02
     -1.18397951e-01  -1.42086605e-02  -1.69527438e-02   3.70573392e-03
      2.67731063e-02  -3.73947360e-02   1.74391493e-02   4.99189869e-02]]

  [[  1.40882790e-01   1.53165311e-01  -1.12647943e-01  -7.71701932e-02
     -5.28459921e-02  -8.34999681e-02   8.06641653e-02  -1.60673991e-01
     -1.32645383e-01  -1.10596091e-01   9.46532413e-02   3.04345675e-02
      6.86684176e-02   5.64718284e-02  -1.11605160e-01   1.18563235e-01
     -1.39900325e-02  -1.12024404e-01  -4.01210412e-02   4.79585342e-02
     -2.64238361e-02  -6.81444108e-02  -2.36720499e-02  -6.88026100e-02
     -3.68280075e-02   9.23969597e-02   1.34475902e-01  -8.45792815e-02
      1.45779634e-02   1.26908094e-01   4.34741117e-02  -9.83815826e-03]]

  [[  1.07024632e-01  -1.50269508e-01  -2.02903226e-02   1.27954558e-02
      1.20049678e-01  -1.14421472e-02  -1.39466971e-01   8.01014677e-02
     -4.25731726e-02  -6.58405423e-02  -1.49773404e-01  -7.49350935e-02
     -7.88668916e-02   7.50485063e-02   8.41346220e-04   3.47080901e-02
      9.36190113e-02  -1.88700512e-01  -1.30272266e-02   1.61905989e-01
     -1.59809738e-02  -1.22637361e-01  -1.80594712e-01  -7.88049921e-02
      1.49750531e-01   8.08069706e-02  -6.25315756e-02  -1.87763274e-01
     -3.32182497e-02  -3.35313007e-02   1.27180368e-01   1.30221508e-02]]

  [[ -9.96009037e-02   1.50483951e-01  -1.11940287e-01   8.48486051e-02
      5.71908355e-02   5.53848818e-02  -4.18096548e-03  -1.23379175e-02
      5.18910736e-02   1.87407539e-03  -3.05150263e-02  -4.89905737e-02
      2.05101725e-02   7.79949576e-02   2.62565427e-02   3.72489393e-02
     -1.19166985e-01   1.24650925e-01   1.17755979e-01   4.21838835e-02
     -2.44862922e-02   9.45505425e-02   6.96888864e-02  -1.94577631e-02
      1.35334492e-01  -3.55308466e-02   1.35526881e-01   1.63941666e-01
      1.01153344e-01  -1.56108409e-01   3.21061648e-02  -7.08181337e-02]]]


 [[[ -6.72236830e-03  -1.99845619e-02   1.93318184e-02  -5.78962788e-02
     -8.24002642e-03  -2.85375733e-02  -1.71333313e-01  -1.07080817e-01
      1.26238482e-03  -1.51048169e-01  -1.38715084e-03   1.96790565e-02
     -1.44892231e-01   8.05270486e-03   1.29404873e-01  -2.84737395e-03
      3.52709517e-02  -1.63800552e-01  -1.42867103e-01  -1.01677561e-02
     -3.32704708e-02  -1.23781212e-01   7.85433799e-02  -1.14102341e-01
      1.72088053e-02  -1.16856039e-01  -7.81980231e-02   5.03964797e-02
      1.09803364e-01  -1.35726899e-01  -3.96651030e-03  -6.60566464e-02]]

  [[ -1.44871892e-02  -7.79691711e-02  -6.03634212e-03   8.40191022e-02
     -7.38817900e-02   1.40383273e-01  -6.73352480e-02  -1.52030781e-01
      5.09029254e-02  -1.05071485e-01   4.19103466e-02  -8.13467652e-02
     -6.26354963e-02  -2.47471165e-02   4.74559329e-02   7.70550668e-02
      1.16783492e-01  -1.68709084e-01   9.08027515e-02   8.05986151e-02
      1.39911622e-01  -6.69324622e-02  -1.37735447e-02   1.19348779e-01
      8.07232484e-02   3.45048532e-02   2.70642363e-03   1.60870090e-01
      1.75140295e-02  -1.12215690e-02  -8.02733451e-02   8.65820572e-02]]

  [[  2.23369367e-04   3.09900492e-02   4.40896749e-02  -1.14753433e-01
     -9.53456014e-02  -4.97544259e-02  -1.17520213e-01  -8.30600783e-03
      2.62350813e-02  -5.00250272e-02  -6.30778223e-02  -7.91420322e-03
     -9.63642672e-02   2.82993000e-02   1.15639269e-01  -7.82652274e-02
      5.23586199e-02  -1.77910730e-01  -1.27339987e-02  -7.35754743e-02
     -2.58557796e-02   1.51651576e-01  -1.38846278e-01   6.35707751e-02
      1.42400432e-02   3.16478312e-02   9.80805233e-02   1.92818373e-01
     -1.65986255e-01  -1.74180523e-01   1.98537260e-02  -1.14550330e-02]]

  [[ -8.94119032e-03   3.28562111e-02  -3.46726514e-02  -1.04219362e-01
     -4.13821265e-02  -1.42483518e-01  -1.34484291e-01  -1.53013542e-01
      8.55144635e-02  -5.45921847e-02  -1.45571366e-01  -1.66467443e-01
      2.83324383e-02  -3.27404439e-02  -1.73783645e-01  -1.70146674e-01
     -1.47838011e-01  -6.20892458e-02  -1.07740983e-01   7.27737099e-02
     -1.70591861e-01   1.45981148e-01   2.02417318e-02   1.18994325e-01
     -6.58714548e-02   1.67524725e-01   1.39176533e-01   4.41520028e-02
     -1.24879204e-01   1.17877617e-01   3.19585763e-02   6.78614676e-02]]

  [[  3.69132273e-02  -6.96870834e-02  -9.14099365e-02  -2.20846664e-02
      6.32021353e-02  -1.35199330e-03   3.65365297e-02   8.90127569e-02
     -1.01635069e-01  -1.31037114e-02   2.02342756e-02   6.28492460e-02
      1.41436085e-01  -1.34600863e-01   1.40537471e-01   6.99000284e-02
      1.01012806e-03  -1.35863349e-01  -1.29874229e-01   3.56603600e-02
     -2.83581149e-02  -1.32762328e-01   5.41891791e-02  -1.33080631e-01
     -1.94007568e-02   4.97041643e-03   3.10541131e-02   3.65140662e-02
     -9.69937630e-03  -7.02787638e-02  -6.89156801e-02  -6.63110539e-02]]]


 [[[  8.46450105e-02  -9.78499949e-02   4.92148614e-03  -3.65903936e-02
      2.03574132e-02   1.36577576e-01  -8.50715190e-02   8.63680318e-02
     -2.07210872e-02   3.08240801e-02   2.45127175e-02   7.81982914e-02
     -4.14279811e-02   6.74090236e-02  -6.81255162e-02  -3.38696949e-02
     -7.88226649e-02   1.01480626e-01   4.57523055e-02  -7.58178756e-02
     -3.94760519e-02   8.47532973e-03  -8.27751830e-02  -1.98293492e-01
     -1.18945181e-01   1.65386364e-01  -8.18440542e-02   5.50964586e-02
      6.53419420e-02  -6.79542050e-02  -5.57163693e-02  -1.46271721e-01]]

  [[  7.18028769e-02  -1.45184264e-01   4.60950844e-02  -1.49732754e-01
      1.45797119e-01   1.42104169e-02   5.71681969e-02  -9.33914725e-03
     -8.24180692e-02   2.68754177e-03   1.06587380e-01  -4.25658538e-04
     -4.20738235e-02  -3.60109806e-02   1.39271840e-01  -1.07837999e-02
      8.65869224e-02   7.10054412e-02   1.26325592e-01  -9.69619676e-03
     -1.07990712e-01   8.05964917e-02   1.40426025e-01  -5.19457608e-02
      3.32336500e-02  -4.88252640e-02  -6.28996268e-02  -1.01697780e-01
     -1.78041235e-01  -2.35764720e-02   4.03179415e-02   7.53704309e-02]]

  [[ -6.25359938e-02   1.02842778e-01  -9.90063846e-02   1.47836367e-02
      2.45164912e-02   3.98578122e-02  -1.02600820e-01  -5.53465821e-02
     -5.58814406e-02   6.38851523e-02   9.09718871e-02   6.53766096e-02
     -1.98277067e-02   5.82090430e-02  -3.99454590e-03   6.99601248e-02
      5.23451790e-02  -1.26514221e-02   1.20035686e-01   1.29813492e-01
     -9.02765393e-02   1.56798452e-01   5.83281601e-03   9.94194523e-02
     -1.16503648e-01  -1.38158157e-01   4.94213589e-02  -4.53162268e-02
      6.05786406e-02  -1.60536274e-01  -1.34699732e-01   4.27876264e-02]]

  [[ -2.83571947e-02   5.45761324e-02   2.93881278e-02  -9.13924947e-02
      3.55116762e-02   5.06391823e-02   6.53484417e-03  -1.20763317e-01
      1.38073206e-01  -1.36655882e-01  -7.03798607e-02  -6.47991747e-02
      1.01792969e-01  -4.96772379e-02   2.00851392e-02   1.43480733e-01
     -3.20422314e-02   9.71166119e-02  -8.04273859e-02  -4.08920720e-02
     -1.08351760e-01  -1.43192321e-01  -1.73836783e-01  -1.54001325e-01
      1.69731334e-01  -6.07129298e-02  -2.47924309e-02  -7.65449107e-02
     -8.78604129e-03  -9.10256281e-02   3.86281451e-03   3.61809172e-02]]

  [[ -1.02651501e-02  -7.74594024e-02  -1.18126139e-01  -4.15325016e-02
     -2.88792662e-02  -1.61628902e-01   6.07071891e-02   3.11692581e-02
     -1.74718946e-01  -4.02762415e-03   5.61574101e-02  -8.89180750e-02
     -1.20049298e-01  -4.84691486e-02   2.38744188e-02   9.43239685e-03
     -9.82509628e-02  -5.78787588e-02  -5.75556345e-02  -7.19993636e-02
     -6.81452751e-02   7.90322013e-03   1.86314553e-01   4.14381139e-02
      1.65019095e-01  -2.97452826e-02  -7.82500207e-02   3.68174985e-02
      4.30334248e-02   1.53254978e-02  -6.00233860e-02  -2.57400610e-02]]]


 [[[  2.59953607e-02  -1.33356258e-01  -4.14462686e-02  -9.29332972e-02
      1.00287333e-01   1.46505432e-02  -8.13112631e-02  -1.15324900e-01
      7.02561736e-02  -9.74201635e-02   6.03028201e-02   8.35370347e-02
      1.12160211e-02   1.30096376e-01   1.33999800e-02   4.59498502e-02
      2.96130194e-03  -5.04963621e-02   1.61754444e-01  -1.05388321e-01
     -6.52017742e-02   8.85394365e-02  -4.64236438e-02  -6.44870847e-02
     -2.95011792e-02   1.50492609e-01  -5.33736404e-03  -9.28624719e-02
      1.18238837e-01   1.92894042e-01   3.62907238e-02  -1.35170147e-02]]

  [[  1.81091502e-01   7.38523062e-03  -9.59646180e-02  -3.98590602e-03
     -6.02457672e-02  -1.68120041e-02   7.23825768e-02   4.65416908e-02
     -3.00408807e-02   2.16161143e-02  -1.11134320e-01  -1.97474118e-02
      9.36180726e-02  -8.01505372e-02  -3.63637805e-02   3.92600596e-02
     -1.18617140e-01   2.03155670e-02   5.99983009e-03  -7.96592310e-02
     -1.82298813e-02   5.73543645e-02   4.68069687e-02   1.05379380e-01
      8.00226182e-02   1.26569510e-01  -1.09364979e-01  -1.88369472e-02
     -8.73351246e-02   5.51176518e-02  -3.52723561e-02  -2.78337374e-02]]

  [[ -1.98292676e-02  -6.85619712e-02   1.14256948e-01   8.02378803e-02
     -2.57319082e-02  -8.88428688e-02   1.00446247e-01  -1.50863051e-01
      6.75800862e-03   1.68282464e-01   5.05276024e-02   3.56338173e-02
     -8.80446583e-02  -9.14265588e-03  -2.32626572e-02  -6.60944507e-02
      1.31605268e-01  -1.43693574e-02  -4.26158719e-02   1.44684538e-02
      1.60377905e-01  -2.29612086e-02  -6.17506914e-02   1.69669241e-01
     -5.43175191e-02  -8.12009200e-02   8.88582990e-02   8.66385177e-02
      9.32103954e-03  -3.07764187e-02   3.68466208e-05   3.63759324e-02]]

  [[ -1.21730810e-03   6.08248934e-02  -4.02065888e-02   1.87115490e-01
      7.63552338e-02   5.03557399e-02  -3.29876244e-02   5.68670742e-02
     -9.28336009e-02   1.07711509e-01  -1.66591823e-01   1.79875325e-02
     -1.98835414e-02   1.01821925e-02   1.25810294e-03   5.87066226e-02
     -1.37301743e-01   9.79351774e-02  -4.20020521e-02   1.67131215e-01
     -8.75771940e-02   1.39423721e-02  -1.14837274e-01   1.82845801e-01
      7.46679828e-02   2.89867278e-02   8.66061673e-02  -5.68423830e-02
      1.36830866e-01  -4.63024229e-02  -1.67386252e-02   5.72920367e-02]]

  [[  6.30988702e-02  -1.02497423e-02   6.40042201e-02   3.24913524e-02
      1.33656383e-01   3.56098823e-02   2.29863077e-02   1.88248642e-02
      4.72512729e-02  -1.08338282e-01   4.26428281e-02   6.46975115e-02
      1.33868232e-01   4.50112410e-02   6.30992232e-03   8.32644552e-02
     -4.02820110e-02   2.31636651e-02  -8.30612630e-02  -3.03652603e-02
      1.87051475e-01   6.91487566e-02   1.10372745e-01  -1.53264299e-01
     -2.37571113e-02   2.29272209e-02   1.38559356e-01   1.34600950e-02
     -9.20425877e-02  -1.81426182e-01  -1.29285648e-01  -2.67444015e-03]]]]
